123, 2022-03-11, 1909, 02, Oil Change, 95.0, 01, 95.0, 14.25, 109.25
124, 2022-03-15, 1918, 05, Tyre Change, 40.0, 04, 160.0, 24.00, 184.00
125, 2022-03-22, 1901, 05, Tyre Change, 40.0, 04, 160.0, 24.00, 184.00
126, 2022-04-02, 1904, 08, Detailed Car Cleaning, 60.0, 01, 60.00, 9, 69.00
127, 2022-04-14, 1915, 05, Tyre Change, 40.0, 04, 160.0, 24.00, 184.00
128, 2022-04-18, 1912, 02, Oil Change, 95.0, 01, 95.0, 14.25, 109.25
129, 2022-04-29, 1910, 02, Oil Change, 95.0, 01, 95.0, 14.25, 109.25
130, 2022-05-03, 1904, 05, Tyre Change, 40.0, 04, 160.0, 24.00, 184.00
131, 2022-05-07, 1919, 08, Detailed Car Cleaning, 60.0, 01, 60.00, 9, 69.00
132, 2022-05-15, 1903, 02, Oil Change, 95.0, 01, 95.0, 14.25, 109.25
133, 2022-06-02, 1901, 08, Detailed Car Cleaning, 60.0, 01, 60.00, 9, 69.00
134, 2022-06-13, 1907, 05, Tyre Change, 40.0, 04, 160.0, 24.00, 184.00
135, 2022-06-19, 1911, 02, Oil Change, 95.0, 01, 95.0, 14.25, 109.25
136, 2022-07-22, 1913, 05, Tyre Change, 40.0, 04, 160.0, 24.00, 184.00
137, 2022-08-04, 1920, 05, Tyre Change, 40.0, 04, 160.0, 24.00, 184.00
